MASID EXPERIMENT RESULTS — SUMMARY STATISTICS
Total trials: 510
==========================================================================================

Arch   Domain                   N   Avg Q    Min    Max  StdDev  Avg Tok  Avg Lat
------------------------------------------------------------------------------------------
iamd   project_planning        51   0.671  0.500  0.800   0.057    65027     33.8
irm    project_planning        51   0.731  0.700  0.800   0.046    66544     34.5
jro    project_planning        51   0.702  0.500  0.800   0.073   121408     43.9
iamd   research_synthesis      51   0.635  0.400  0.800   0.088    40063     25.9
irm    research_synthesis      51   0.637  0.500  0.700   0.052    34029     20.1
jro    research_synthesis      51   0.712  0.600  0.800   0.065    89560     32.6
iamd   software_dev            68   0.530  0.180  0.880   0.228    75388     36.6
irm    software_dev            68   0.536  0.260  0.880   0.165    81980     38.6
jro    software_dev            68   0.500  0.260  0.880   0.182   178122     52.4

==========================================================================================
PER-TASK COMPARISON
==========================================================================================


  project_planning / pp_001:
    irm   : 0.70 0.70 0.80 0.70 0.70 0.70 0.80 0.70 0.70 0.70 0.80 0.70 0.70 0.70 0.70 0.70 0.70  avg=0.718
    jro   : 0.70 0.80 0.60 0.60 0.80 0.80 0.70 0.80 0.80 0.50 0.70 0.80 0.70 0.70 0.80 0.70 0.70  avg=0.718
    iamd  : 0.70 0.60 0.70 0.70 0.60 0.70 0.60 0.70 0.70 0.60 0.50 0.70 0.60 0.60 0.70 0.60 0.70  avg=0.647

  project_planning / pp_002:
    irm   : 0.70 0.70 0.70 0.70 0.70 0.70 0.70 0.80 0.70 0.70 0.70 0.70 0.70 0.80 0.70 0.70 0.80  avg=0.718
    jro   : 0.70 0.70 0.70 0.70 0.70 0.70 0.50 0.70 0.70 0.70 0.70 0.60 0.70 0.70 0.70 0.80 0.70  avg=0.688
    iamd  : 0.70 0.70 0.70 0.60 0.70 0.70 0.60 0.70 0.70 0.70 0.70 0.70 0.60 0.60 0.60 0.70 0.60  avg=0.665

  project_planning / pp_003:
    irm   : 0.70 0.80 0.80 0.70 0.80 0.70 0.70 0.70 0.70 0.80 0.80 0.80 0.80 0.70 0.80 0.80 0.80  avg=0.759
    jro   : 0.70 0.70 0.70 0.70 0.80 0.70 0.70 0.80 0.70 0.70 0.80 0.60 0.70 0.70 0.70 0.50 0.70  avg=0.700
    iamd  : 0.70 0.80 0.70 0.60 0.70 0.70 0.70 0.70 0.70 0.60 0.70 0.70 0.80 0.70 0.70 0.70 0.70  avg=0.700

  research_synthesis / rs_001:
    irm   : 0.60 0.60 0.60 0.60 0.70 0.60 0.60 0.60 0.60 0.60 0.60 0.60 0.60 0.60 0.60 0.60 0.60  avg=0.606
    jro   : 0.60 0.70 0.70 0.80 0.70 0.70 0.80 0.70 0.60 0.60 0.60 0.80 0.80 0.80 0.70 0.60 0.80  avg=0.706
    iamd  : 0.70 0.60 0.60 0.70 0.70 0.70 0.70 0.60 0.70 0.50 0.70 0.50 0.70 0.60 0.70 0.50 0.60  avg=0.635

  research_synthesis / rs_002:
    irm   : 0.70 0.60 0.60 0.70 0.60 0.70 0.60 0.60 0.60 0.60 0.70 0.60 0.70 0.50 0.60 0.60 0.60  avg=0.624
    jro   : 0.70 0.80 0.70 0.70 0.70 0.70 0.70 0.70 0.80 0.80 0.70 0.80 0.70 0.70 0.80 0.70 0.70  avg=0.729
    iamd  : 0.60 0.70 0.70 0.60 0.60 0.60 0.60 0.70 0.40 0.70 0.60 0.50 0.40 0.60 0.70 0.70 0.60  avg=0.606

  research_synthesis / rs_003:
    irm   : 0.70 0.70 0.70 0.70 0.70 0.60 0.70 0.70 0.70 0.70 0.70 0.60 0.70 0.70 0.70 0.60 0.70  avg=0.682
    jro   : 0.60 0.70 0.70 0.70 0.70 0.70 0.60 0.70 0.70 0.70 0.70 0.80 0.70 0.60 0.80 0.80 0.70  avg=0.700
    iamd  : 0.60 0.70 0.60 0.70 0.70 0.80 0.60 0.60 0.70 0.50 0.70 0.50 0.70 0.70 0.70 0.80 0.70  avg=0.665

  software_dev / sw_001:
    irm   : 0.54 0.58 0.40 0.82 0.88 0.62 0.36 0.58 0.36 0.58 0.36 0.58 0.36 0.62 0.54 0.34 0.32  avg=0.520
    jro   : 0.54 0.88 0.38 0.34 0.50 0.34 0.36 0.32 0.32 0.26 0.58 0.84 0.40 0.40 0.36 0.34 0.30  avg=0.439
    iamd  : 0.30 0.34 0.88 0.58 0.34 0.83 0.87 0.38 0.86 0.30 0.62 0.58 0.62 0.30 0.26 0.58 0.38  avg=0.530

  software_dev / sw_002:
    irm   : 0.83 0.62 0.58 0.83 0.79 0.36 0.36 0.58 0.36 0.83 0.66 0.73 0.36 0.85 0.38 0.58 0.58  avg=0.605
    jro   : 0.86 0.54 0.58 0.58 0.34 0.58 0.84 0.58 0.58 0.54 0.36 0.36 0.88 0.77 0.81 0.58 0.54  avg=0.607
    iamd  : 0.30 0.30 0.79 0.58 0.83 0.62 0.54 0.34 0.83 0.58 0.22 0.54 0.58 0.40 0.26 0.34 0.69  avg=0.514

  software_dev / sw_003:
    irm   : 0.34 0.43 0.60 0.36 0.57 0.26 0.52 0.57 0.58 0.32 0.34 0.36 0.62 0.38 0.54 0.60 0.40  avg=0.458
    jro   : 0.54 0.56 0.58 0.40 0.36 0.30 0.36 0.36 0.30 0.34 0.40 0.30 0.81 0.42 0.40 0.36 0.44  avg=0.425
    iamd  : 0.81 0.22 0.84 0.30 0.88 0.82 0.54 0.64 0.86 0.57 0.26 0.58 0.54 0.63 0.60 0.58 0.88  avg=0.621

  software_dev / sw_004:
    irm   : 0.30 0.40 0.54 0.58 0.54 0.58 0.59 0.77 0.58 0.32 0.58 0.54 0.58 0.82 0.88 0.36 0.62  avg=0.563
    jro   : 0.32 0.77 0.54 0.28 0.32 0.88 0.54 0.73 0.54 0.54 0.58 0.32 0.66 0.50 0.30 0.34 0.85  avg=0.530
    iamd  : 0.50 0.30 0.26 0.54 0.81 0.82 0.22 0.81 0.22 0.18 0.22 0.72 0.22 0.66 0.81 0.22 0.22  avg=0.455

==========================================================================================
DOMAIN WINNERS
==========================================================================================

  software_dev:
    irm    avg=0.536  tokens=81,980 <- BEST
    iamd   avg=0.530  tokens=75,388
    jro    avg=0.500  tokens=178,122

  research_synthesis:
    jro    avg=0.712  tokens=89,560 <- BEST
    irm    avg=0.637  tokens=34,029
    iamd   avg=0.635  tokens=40,063

  project_planning:
    irm    avg=0.731  tokens=66,544 <- BEST
    jro    avg=0.702  tokens=121,408
    iamd   avg=0.671  tokens=65,027

